50
-5335911890708011662
8305063674006169674
-5441605799713728072
-1642673687882326615
5073407215408417784
89513449252017259
2943695534161593524
2401926599819937381
7143510462956554902
2817485429189991354
7564655870752979346
-7183318222962370660
-7632370113005710310
-5837905537295310168
-4396325885451314877
2939296080422457956
-6431897687704817498
-925291307819067133
-697013461142683656
5004708024278198958
23954608908678828
5055682315482875233
8993064755914044999
431986847459427401
-149748567458138470
3805118434975371888
-2227205230235739057
-831380413494249744
-2725440695943024712
-6936482374120670025
2081176313610728755
-8225913900319941199
-1587104797948448451
-2500216379375876869
3831662765844904176
780266760877150279
3508611625878353660
4220651705025283437
-8840064378166243509
7499354754298413200
1390659345622495633
-8499159136334653718
8985176291945559937
-6292788870224356907
-2847150282193451565
6806895744627829028
8969906174733648019
-7685764894419928447
2334896405569417103
-4964420948893066024
