30
6806895744627829028
-2227205230235739057
1390659345622495633
8985176291945559937
-5335911890708011662
-4964420948893066024
5073407215408417784
-1642673687882326615
-8499159136334653718
-7685764894419928447
-831380413494249744
2943695534161593524
2817485429189991354
89513449252017259
431986847459427401
3831662765844904176
-1587104797948448451
8305063674006169674
-6431897687704817498
-8225913900319941199
780266760877150279
-6292788870224356907
-4396325885451314877
2939296080422457956
-7183318222962370660
7564655870752979346
-5441605799713728072
-6936482374120670025
-2725440695943024712
-2500216379375876869
